4 4 36 52 H
4 4 36 52 D
0 4 8 52 V
0 4 8 4 V
0 8 8 4 V
0 12 8 4 V
0 16 8 4 V
0 20 8 4 V
0 24 8 4 V
0 28 8 4 V
0 32 8 4 V
0 36 8 4 V
0 40 8 4 V
0 44 8 4 V
0 48 8 4 V
36 4 8 52 V
32 4 16 52 V
28 4 24 52 V
24 4 32 52 V
20 4 40 52 V
16 4 48 52 V
4 0 36 8 H
4 0 4 8 H
8 0 4 8 H
12 0 4 8 H
16 0 4 8 H
20 0 4 8 H
24 0 4 8 H
28 0 4 8 H
32 0 4 8 H
4 52 36 8 H
4 52 4 8 H
8 52 4 8 H
12 52 4 8 H
16 52 4 8 H
20 52 4 8 H
24 52 4 8 H
28 52 4 8 H
32 52 4 8 H
56 16 8 40 V
52 16 8 40 V
56 4 8 8 V
56 8 8 8 V
56 48 8 8 V
56 52 8 8 V
0 0 8 8 TL
36 0 8 8 TR
0 48 8 16 BL
36 48 8 16 BR
32 48 16 16 BR
0 0 64 64 H
0 0 64 64 V
0 0 64 64 D
0 0 64 64 TL
0 0 64 64 TR
0 0 64 64 BL
0 0 64 64 BR
0 4 9 6 VL
0 8 9 6 VL
0 12 9 6 VL
0 16 9 6 VL
0 20 9 6 VL
0 24 9 6 VL
0 28 9 6 VL
0 32 9 6 VL
0 36 9 6 VL
0 40 9 6 VL
0 44 9 6 VL
0 48 9 6 VL
0 4 9 51 VL
36 4 9 51 VL
32 4 18 51 VL
28 4 24 51 VL
24 4 33 51 VL
20 4 42 51 VL
16 4 45 51 VL
52 16 9 42 VL
55 4 9 9 VL
55 9 9 9 VL
55 48 9 9 VL
55 52 9 9 VL
2 2 60 60 VL
4 0 36 9 HL
4 0 6 9 HL
8 0 6 9 HL
12 0 6 9 HL
16 0 6 9 HL
20 0 6 9 HL
24 0 6 9 HL
28 0 6 9 HL
32 0 6 9 HL
4 4 36 54 HL
4 51 36 9 HL
4 51 6 9 HL
8 51 6 9 HL
12 51 6 9 HL
16 51 6 9 HL
20 51 6 9 HL
24 51 6 9 HL
28 51 6 9 HL
32 51 6 9 HL
2 2 60 60 HL
0 4 8 6 VTL
0 8 8 6 VTL
0 12 8 6 VTL
0 16 8 6 VTL
0 20 8 6 VTL
0 24 8 6 VTL
0 28 8 6 VTL
0 32 8 6 VTL
0 36 8 6 VTL
0 40 8 6 VTL
0 44 8 6 VTL
0 48 8 6 VTL
0 4 8 51 VTL
36 4 8 51 VTL
32 4 16 51 VTL
28 4 24 51 VTL
24 4 32 51 VTL
20 4 40 51 VTL
16 4 44 51 VTL
52 16 8 42 VTL
55 4 8 9 VTL
55 9 8 9 VTL
55 48 8 9 VTL
55 52 8 9 VTL
2 2 60 60 VTL
4 0 36 8 HTL
4 0 6 8 HTL
8 0 6 8 HTL
12 0 6 8 HTL
16 0 6 8 HTL
20 0 6 8 HTL
24 0 6 8 HTL
28 0 6 8 HTL
32 0 6 8 HTL
4 4 36 52 HTL
4 51 36 8 HTL
4 51 6 8 HTL
8 51 6 8 HTL
12 51 6 8 HTL
16 51 6 8 HTL
20 51 6 8 HTL
24 51 6 8 HTL
28 51 6 8 HTL
32 51 6 8 HTL
2 2 60 60 HTL
